9
1
0
20
4
7
5
99
93
98
92
32
22
6
91
21
69
2
77
29
66
8
63
97
18
2
735
38
19
3
15
39
62
86
10
28
955
94
590
68
777
47
0
76
83
1
23
55
75
3
71
16
57
145
59
999
60
8
78
671
699
49
46
759
51
31
7064
528
56
74
72
976
73
37
326
571
5
11
67
978
137
4
24
6
898
878
33
40
554
750
25
33
365
50
627
4
696
8388
81
630
273
4
4
197
52
78
58
85
54
794
44
902
26
303
8
36
9
95
486
349
243
90
79
30
580
608
69
297
357
947
853
866
682
371
84
43
342
636
621
61
262
187
17
3
167
3974
689
13
606
89
42
792
41
857
175
48
959
438
331
335
2
778
65
781
525
942
210
767
457
509
669
604
3949
34
6
940
666
3
8
921
220
404
725
733
757
96
692
6544
64
5
0
50
179
405
320
325
4877
208
184
941
643
695
410
578
72
136
249
92
82
9
833
339
13
8774
734
119
697
216
3085
971
4119
943
254
843
92
3
719
896
53
635
9
455
88
808
61
609
850
247
744
418
12
86
453
86
600
113
314
8
5506
9598
456
543
796
688
793
35
651
772
312
957
458
14
703
773
639
2
562
904
709
103
28
598
64
124
27
80
48
0
628
660
979
995
165
4878
933
481
70
87
3
938
1668
519
468
922
4
6
194
300
526
495
711
299
989
368
362
35
646
102
41
172
882
950
751
616
673
8584
883
6
477
9856
4045
293
800
6
290
816
2
912
823
836
6
367
131
31
532
6
196
7303
144
464
9140
230
811
9168
6971
998
424
8102
5555
33
450
110
817
9
5
762
842
530
6
2001
920
761
814
3
592
95
670
926
895
45
128
370
601
421
713
6
1454
2
706
996
44
548
235
265
162
4848
258
198
82
298
677
685
427
535
238
471
0
899
259
582
185
828
1692
148
2
100
862
42
299
332
9894
907
16
809
970
575
679
377
513
923
89
760
399
9190
873
6616
2817
479
344
585
8951
593
147
284
9072
225
280
932
9393
2331
74
423
698
6
358
3554
3089
291
40
566
22
442
982
9546
701
1
8469
583
5665
91
889
268
801
8
0
296
949
111
4730
355
1446
419
245
199
236
75
227
2452
3294
16
918
151
911
539
1
5342
489
729
681
6702
58
4982
887
980
7481
5
445
6402
990
545
8
369
684
324
992
240
37
482
476
360
945
178
70
994
550
9
3266
98
407
4
784
16
501
83
546
188
354
710
9427
9361
393
621
394
163
5
551
536
623
4
203
274
494
383
122
216
378
3154
7
82
364
41
4164
213
7
931
5916
846
359
534
92
518
417
466
26
402
787
82
855
37
6
201
6193
333
612
1175
8545
150
731
6996
316
173
897
859
7077
9082
7014
1407
830
478
966
7562
3
9
7225
2774
318
130
181
3
9700
944
4
429
2896
120
584
71
475
431
2047
93
400
804
659
345
305
2
997
78
587
200
969
9
985
7668
2602
56
8
278
939
64
212
67
